0.00693454   0.0138431   0.0206982   0.0274695   0.034123   0.0406194   0.0469147   0.0529593   0.0586992   0.0640766   0.0690315   0.0735035   0.0774342   0.0807695   0.0834619   0.0854729   0.086775   0.0873533   0.0872063   0.0863462   0.0847986   0.0826017   0.0798042   0.0764635   0.0726433   0.0684106   0.0638336   0.0589786   0.0539085   0.04868   0.043343   0.0379391   0.0325014   0.0270542   0.0216135   0.0161879   0.0107797   0.00538578   
0.0139716   0.0278921   0.0417074   0.0553577   0.0687747   0.0818804   0.0945858   0.106791   0.118387   0.129255   0.139273   0.148319   0.156273   0.163023   0.168472   0.172542   0.175175   0.17634   0.176035   0.174284   0.17114   0.16668   0.161006   0.154233   0.146492   0.137921   0.128658   0.118839   0.108592   0.0980327   0.0872612   0.0763621   0.0654018   0.054429   0.0434754   0.0325572   0.0216778   0.01083   
0.0213665   0.0426579   0.0637939   0.0846853   0.10523   0.125309   0.144787   0.163511   0.181312   0.198008   0.213408   0.227321   0.23956   0.249952   0.258342   0.264607   0.268657   0.270443   0.269959   0.267245   0.262382   0.255491   0.246731   0.236283   0.224352   0.211152   0.196899   0.181804   0.166064   0.14986   0.133346   0.116651   0.0998767   0.0830969   0.0663583   0.049684   0.0330768   0.0165235   
0.0292993   0.0585007   0.0874996   0.116178   0.144398   0.172001   0.198801   0.224588   0.249126   0.272162   0.29343   0.31266   0.329588   0.343967   0.355581   0.364251   0.36985   0.372307   0.371614   0.367824   0.361052   0.351473   0.339306   0.324811   0.308275   0.290001   0.270292   0.249443   0.227732   0.205406   0.182682   0.159737   0.136711   0.1137   0.0907687   0.0679435   0.0452247   0.0225895   
0.0379503   0.0757829   0.11337   0.150567   0.187202   0.22307   0.257934   0.291519   0.323518   0.353594   0.381394   0.406557   0.428727   0.447572   0.462798   0.474164   0.481494   0.484692   0.483744   0.478721   0.46978   0.457151   0.441135   0.422079   0.400369   0.376409   0.350606   0.323353   0.295017   0.265925   0.23636   0.206554   0.176685   0.146878   0.117208   0.0877063   0.0583656   0.0291492   
0.0475008   0.0948679   0.141955   0.188591   0.23457   0.279644   0.323516   0.36584   0.406226   0.444242   0.479432   0.511325   0.539458   0.563391   0.582738   0.597178   0.606477   0.610506   0.609242   0.60278   0.591322   0.575175   0.554727   0.530439   0.502812   0.472375   0.439654   0.405159   0.36936   0.332677   0.29547   0.258028   0.220574   0.183258   0.146169   0.109335   0.0727385   0.0363211   
0.058131   0.116119   0.173803   0.230991   0.287444   0.342868   0.396902   0.449123   0.499042   0.546118   0.589769   0.629394   0.664393   0.694202   0.718312   0.736306   0.747875   0.752847   0.751189   0.743022   0.728607   0.708338   0.682722   0.652351   0.617871   0.579961   0.539293   0.496513   0.452216   0.406928   0.361096   0.315076   0.269137   0.223456   0.17813   0.133182   0.0885735   0.0442192   
0.0700191   0.139894   0.209459   0.278505   0.346765   0.413897   0.479474   0.54298   0.603818   0.661314   0.714735   0.763321   0.806306   0.842964   0.872638   0.894783   0.908997   0.91505   0.912897   0.902688   0.88476   0.859618   0.827912   0.790401   0.747911   0.701302   0.651427   0.599094   0.545048   0.489937   0.434309   0.378594   0.32311   0.26806   0.213547   0.159578   0.106088   0.0529508   
0.0833377   0.166543   0.249456   0.331861   0.413469   0.493889   0.572623   0.649056   0.72246   0.792004   0.856775   0.915815   0.968152   1.01285   1.04908   1.07611   1.09343   1.10073   1.09796   1.08528   1.06315   1.0322   0.993265   0.947315   0.8954   0.838606   0.778002   0.714599   0.649315   0.582945   0.516149   0.449442   0.383192   0.317626   0.252844   0.188832   0.125482   0.0626141   
0.0982502   0.196398   0.294304   0.391761   0.488465   0.583982   0.67774   0.769011   0.856918   0.940443   1.01845   1.08975   1.15309   1.2073   1.25127   1.2841   1.3051   1.31386   1.31029   1.29463   1.26743   1.22951   1.18195   1.12597   1.06291   0.994143   0.920995   0.844723   0.766452   0.68715   0.607606   0.528424   0.450025   0.372655   0.296401   0.221214   0.146929   0.0732944   
0.114906   0.229761   0.344474   0.458861   0.572618   0.685277   0.796189   0.904505   1.00917   1.10895   1.20245   1.28816   1.36451   1.43   1.48321   1.52295   1.54832   1.55878   1.55421   1.5349   1.50156   1.45526   1.39735   1.32941   1.25314   1.17024   1.08239   0.991134   0.897843   0.803682   0.709587   0.616259   0.524169   0.433573   0.344534   0.256946   0.17057   0.0850598   
0.13343   0.266896   0.400377   0.533746   0.666715   0.798799   0.929272   1.05716   1.1812   1.29991   1.41156   1.51426   1.60606   1.68499   1.74925   1.79727   1.82788   1.84035   1.83451   1.81073   1.76992   1.71346   1.6431   1.56084   1.46884   1.36925   1.26415   1.15544   1.04478   0.933561   0.822886   0.713553   0.606077   0.500712   0.397476   0.296187   0.196503   0.0979567   
0.15392   0.308002   0.46234   0.616893   0.771425   0.92545   1.07818   1.2285   1.37493   1.51569   1.64864   1.77145   1.88162   1.97666   2.0542   2.11221   2.14913   2.16399   2.15654   2.12725   2.0773   2.00849   1.92306   1.82361   1.71286   1.59352   1.46816   1.33912   1.2084   1.07764   0.948127   0.820747   0.696052   0.574272   0.455354   0.339012   0.224769   0.112003   
0.176429   0.353199   0.530568   0.708632   0.887245   1.06595   1.24392   1.41991   1.59219   1.75862   1.91662   2.06326   2.19539   2.30979   2.40341   2.47355   2.51813   2.53584   2.52634   2.49022   2.42903   2.3451   2.2414   2.12123   1.98806   1.84532   1.69618   1.54349   1.38964   1.23656   1.08571   0.938073   0.794206   0.654287   0.51816   0.385394   0.255339   0.127182   
0.200956   0.402498   0.605111   0.80909   1.01444   1.22077   1.42726   1.63252   1.83459   2.03093   2.2184   2.39335   2.55182   2.68965   2.80284   2.88781   2.94176   2.96293   2.95079   2.90614   2.83102   2.72853   2.60252   2.45729   2.29728   2.12679   1.94973   1.76956   1.58912   1.41063   1.23574   1.06549   0.900409   0.740588   0.585719   0.435181   0.288104   0.143435   
0.227429   0.455768   0.685813   0.918129   1.15294   1.39002   1.62856   1.8671   2.10344   2.33459   2.55676   2.76546   2.95565   3.12198   3.25917   3.36245   3.42799   3.45337   3.43784   3.38246   3.28996   3.16447   3.01111   2.83546   2.64323   2.43979   2.22999   2.01796   1.80704   1.59977   1.39793   1.2026   1.01423   0.832753   0.657656   0.488071   0.322852   0.160655   
0.255689   0.512709   0.772257   1.03527   1.3023   1.57333   1.84769   2.12391   2.39955   2.67117   2.93425   3.18327   3.41186   3.6131   3.78   3.9061   3.98615   4.01675   3.99682   3.92778   3.81338   3.6592   3.47207   3.25935   3.02832   2.78577   2.5376   2.28875   2.04306   1.80336   1.57153   1.3486   1.13488   0.930063   0.73336   0.543587   0.359258   0.178676   
0.285473   0.572806   0.863716   1.15963   1.46151   1.76973   2.08386   2.40248   2.72302   3.04161   3.35294   3.65028   3.92561   4.16995   4.37399   4.5289   4.62736   4.66454   4.63884   4.55222   4.4099   4.21958   3.99048   3.73233   3.45452   3.16551   2.87249   2.58123   2.29609   2.02011   1.75517   1.50217   1.26113   1.03145   0.811953   0.601057   0.396869   0.19727   
0.316394   0.635302   0.959082   1.28978   1.62896   1.97749   2.33535   2.70137   3.07297   3.44593   3.81415   4.16953   4.50203   4.80005   5.05108   5.24292   5.36517   5.41079   5.37741   5.26781   5.08942   4.85307   4.57139   4.25734   3.92298   3.57885   3.23355   2.89371   2.56412   2.2479   1.94679   1.66137   1.39128   1.13546   0.892255   0.659593   0.43509   0.21614   
0.347928   0.699154   1.05682   1.42375   1.80225   2.19392   2.59936   3.01788   3.44713   3.88275   4.31793   4.74316   5.14602   5.5115   5.8228   6.0628   6.21642   6.27317   6.22938   6.08915   5.8634   5.5677   5.21959   4.83638   4.43361   4.02421   3.61827   3.2232   2.84399   2.48363   2.14348   1.8236   1.52308   1.24021   0.972769   0.718078   0.473181   0.234917   
0.379401   0.763017   1.15492   1.55886   1.97812   2.41523   2.87171   3.34768   3.8414   4.34874   4.86248   5.37178   5.86161   6.31275   6.7025   7.00662   7.20268   7.27451   7.21628   7.03428   6.74516   6.37182   5.939   5.46995   4.98442   4.49804   4.02228   3.56502   3.1311   2.723   2.34138   1.98551   1.65367   1.34338   1.05167   0.775161   0.510254   0.253161   
0.409986   0.825228   1.25086   1.69174   2.15231   2.63632   3.14656   3.68442   4.24929   4.83785   5.44314   6.05341   6.65107   7.21197   7.70556   8.09707   8.35236   8.44543   8.36651   8.12587   7.74999   7.27353   6.7318   6.15589   5.57057   4.99407   4.4388   3.91248   3.41921   2.96042   2.53562   2.14295   1.77962   1.4422   1.1268   0.829275   0.545283   0.270365   
0.438709   0.883814   1.34163   1.81827   2.31954   2.85072   3.41626   4.01933   4.66123   5.34038   6.05109   6.78184   7.5132   8.2158   8.84916   9.36311   9.70421   9.82863   9.71881   9.39283   8.89502   8.27939   7.59664   6.88787   6.18307   5.50235   4.85798   4.25646   3.70021   3.18887   2.72026   2.29099   1.89694   1.53348   1.19573   0.878657   0.577124   0.285966   
0.464469   0.936535   1.42377   1.93366   2.47356   3.05054   3.67111   4.34091   5.06399   5.84182   6.67168   7.54428   8.4404   9.32663   10.1511   10.8418   11.3132   11.4869   11.3281   10.8722   10.198   9.39169   8.52584   7.65293   6.80706   6.00816   5.26631   4.58509   3.96396   3.39988   2.88834   2.42401   2.00112   1.61372   1.25581   0.921398   0.604545   0.299361   
0.486077   0.980956   1.49348   2.03258   2.60726   3.22658   3.89953   4.63479   5.44019   6.32181   7.28228   8.31792   9.41393   10.5371   11.6258   12.5799   13.2603   13.5184   13.2754   12.6106   11.6733   10.603   9.50054   8.42815   7.41976   6.49091   5.64611   4.88365   4.19844   3.58374   3.03209   2.53582   2.08732   1.67919   1.30424   0.955514   0.626272   0.309926   
0.502306   1.01455   1.54681   2.10939   2.71297   3.36871   4.0883   4.88395   5.76819   6.75337   7.85032   9.0657   10.3965   11.8197   13.2739   14.6313   15.6702   16.0918   15.6854   14.6621   13.3215   11.8858   10.4834   9.17634   7.98842   6.92341   5.97549   5.13479   4.39001   3.72979   3.14319   2.61998   2.15059   1.72612   1.33822   0.979029   0.641046   0.317049   
0.511969   1.03487   1.57984   2.15845   2.78292   3.46642   4.22332   5.06954   6.02286   7.1031   8.33203   9.73206   11.3224   13.1085   15.057   17.0403   18.7373   19.5331   18.7522   17.0708   15.1041   13.174   11.4085   9.84182   8.46915   7.27209   6.2291   5.3194   4.52425   3.82707   3.21332   2.67014   2.1861   1.75088   1.35511   0.990086   0.647686   0.320156   
0.513989   1.03967   1.589   2.17456   2.80983   3.50967   4.29078   5.17246   6.17749   7.33336   8.67391   10.2413   12.0872   14.2711   16.8425   19.7739   22.7441   24.5902   22.7587   19.8037   16.8886   14.3352   12.1715   10.3488   8.80833   7.49917   6.38005   5.41813   4.58701   3.86516   3.23471   2.68051   2.18951   1.75027   1.35255   0.98705   0.64516   0.318749   
0.507491   1.02712   1.57137   2.15342   2.7876   3.48988   4.27863   5.17557   6.20721   7.40707   8.81915   10.5038   12.5477   15.0811   18.3041   22.5054   27.9124   33.3625   27.9265   22.5341   18.3485   15.1429   12.6291   10.6077   8.94908   7.56747   6.40334   5.41367   4.56605   3.83523   3.20089   2.64629   2.15728   1.72167   1.32867   0.968627   0.632654   0.312433   
0.491869   0.995969   1.5249   2.09201   2.71191   3.40099   4.17824   5.06636   6.0934   7.29534   8.72051   10.4375   12.5506   15.2345   18.8216   24.066   33.0733   53.0565   33.0867   24.0933   18.8638   15.2932   12.628   10.5362   8.84413   7.44804   6.28027   5.29344   4.45263   3.73103   3.10735   2.5642   2.08702   1.66333   1.28222   0.933955   0.609629   0.300949   
0.466845   0.945626   1.44864   1.98895   2.5808   3.24021   3.98569   4.83925   5.82781   6.98548   8.35699   10.0035   12.0128   14.5158   17.7139   21.8964   27.2917   32.7372   27.3042   21.9219   17.7533   14.5706   12.0849   10.0957   8.47246   7.12823   6.00263   5.05183   4.24279   3.54976   2.95207   2.43278   1.97765   1.5745   1.21267   0.882676   0.575865   0.284194   
0.432494   0.87625   1.34286   1.84459   2.3948   3.00838   3.70233   4.49649   5.41448   6.48496   7.74325   9.23321   11.0086   13.1308   15.6513   18.5445   21.4905   23.3274   21.5019   18.5677   15.6873   13.1808   11.0745   9.31745   7.84882   6.61553   5.57448   4.69121   3.938   3.29236   2.73571   2.25252   1.82958   1.45549   1.12027   0.814978   0.531488   0.26223   
0.389242   0.788721   1.20896   1.66103   2.15691   2.70977   3.33437   4.04741   4.86794   5.81756   6.92028   8.20123   9.68267   11.3733   13.243   15.1669   16.8263   17.6079   16.8364   15.1876   13.2749   11.4178   9.74131   8.2762   7.01427   5.93388   5.01055   4.22106   3.54467   2.96336   2.46157   2.02588   1.64464   1.3077   1.00605   0.731597   0.476971   0.235289   
0.337832   0.684584   1.04939   1.44184   1.87215   2.3514   2.89172   3.50629   4.20933   5.01554   5.93886   6.98973   8.1695   9.45979   10.8038   12.0781   13.0644   13.466   13.0731   12.0958   10.8312   9.49801   8.21992   7.05422   6.01975   5.11567   4.33216   3.65593   3.07304   2.57017   2.13514   1.75699   1.426   1.13351   0.871776   0.633786   0.413117   0.203764   
0.279277   0.565925   0.867473   1.19176   1.54706   1.9422   2.38654   2.88989   3.46208   4.11216   4.84678   5.66723   6.56459   7.51204   8.45446   9.29787   9.90816   10.1399   9.9153   9.31241   8.47699   7.5434   6.60598   5.72018   4.91321   4.19443   3.56303   3.01292   2.53569   2.12224   1.7636   1.45138   1.17789   0.936156   0.719866   0.523259   0.341026   0.168191   
0.2148   0.435253   0.667119   0.916354   1.18919   1.49213   1.83195   2.21538   2.64877   3.13711   3.68264   4.28242   4.92489   5.58523   6.22057   6.76752   7.14756   7.28713   7.15301   6.77865   6.2378   5.60923   4.95656   4.32295   3.73349   3.20011   2.72609   2.30964   1.94625   1.63016   1.35526   1.11555   0.905383   0.719545   0.553254   0.402113   0.262049   0.129233   
0.145772   0.295367   0.452672   0.621686   0.806554   1.01155   1.24101   1.49912   1.78952   2.11467   2.47474   2.86605   3.27898   3.69555   4.08756   4.4169   4.64039   4.72119   4.64408   4.42442   4.09921   3.71178   3.3004   2.89346   2.50914   2.15729   1.84185   1.56292   1.3184   1.10503   0.919049   0.756654   0.614156   0.488101   0.375286   0.27275   0.177738   0.087651   
0.0736624   0.149252   0.228725   0.314086   0.407402   0.510788   0.626351   0.756076   0.901611   1.06391   1.24266   1.43556   1.6373   1.8386   2.02566   2.18072   2.28467   2.32199   2.28653   2.18452   2.03154   1.84678   1.6481   1.44938   1.26001   1.08541   0.928009   0.788269   0.665406   0.557967   0.46419   0.382229   0.310269   0.246592   0.189596   0.137792   0.0897899   0.044279   

